,unit_num
0,0
1,1
2,2
3,3
4,4
5,5
6,6
7,7
8,8
9,9
10,11
11,12
12,13
13,14
14,15
15,16
16,17
17,18
18,20
19,21
20,22
21,23
22,24
23,25
24,26
25,27
26,28
27,29
28,30
29,31
30,32
31,33
32,34
33,35
34,36
35,37
36,38
37,39
38,40
39,41
40,42
41,43
42,44
43,45
44,47
45,48
46,49
47,51
48,52
49,53
50,54
51,55
52,57
53,58
54,59
55,60
56,61
57,62
58,63
59,64
60,66
61,67
62,68
63,69
64,70
65,72
66,73
67,74
68,76
69,77
70,78
71,79
72,80
73,81
74,82
75,83
76,84
77,85
78,86
79,87
80,88
81,89
82,90
83,91
84,92
85,93
86,94
87,95
88,96
89,97
90,98
91,99
92,101
93,102
94,103
95,104
96,105
97,106
98,107
99,108
100,109
101,110
102,111
103,112
104,113
105,115
106,116
107,117
108,118
109,119
110,120
111,121
112,122
113,123
114,124
115,125
116,126
117,127
118,128
119,129
120,130
121,132
122,133
123,134
124,135
125,136
126,137
127,138
128,139
129,140
130,141
131,142
132,143
133,144
134,145
135,146
136,147
137,148
138,149
139,150
140,151
141,152
142,153
143,154
144,155
145,156
146,157
147,159
148,160
149,161
150,162
151,163
152,165
153,166
154,167
155,168
156,169
157,170
158,171
159,172
160,173
161,174
162,175
163,176
164,177
165,178
166,180
167,181
168,182
169,183
170,184
171,185
172,186
173,188
174,189
175,190
176,191
177,192
178,193
179,194
180,195
181,196
182,197
183,198
184,199
185,200
186,201
187,202
188,203
189,204
190,205
191,207
192,208
193,209
194,210
195,211
196,212
197,213
198,214
199,215
200,216
201,217
202,218
203,219
204,220
205,221
206,222
207,223
208,224
209,225
210,226
211,227
212,228
213,229
214,230
215,231
216,232
217,233
218,234
219,235
220,236
221,237
222,238
223,239
224,240
225,241
226,243
227,244
228,245
229,246
230,247
231,248
232,249
233,250
234,251
235,252
236,253
237,254
238,255
239,256
240,257
241,258
242,259
243,260
244,261
245,262
246,263
247,264
248,265
249,266
250,267
251,268
252,269
253,270
254,271
255,272
256,273
257,274
258,275
259,276
260,277
261,278
262,279
263,280
264,281
265,282
266,283
267,285
268,286
269,287
270,288
271,289
272,290
273,291
274,292
275,293
276,294
277,295
278,296
279,297
280,298
281,299
282,300
283,301
284,302
285,303
286,304
287,305
288,306
289,307
290,308
291,309
292,310
293,311
294,312
295,313
296,314
297,315
298,316
299,317
300,318
301,319
302,320
303,321
304,322
305,323
306,324
307,325
308,326
309,327
310,328
311,330
312,331
313,332
314,333
315,334
316,335
317,336
318,337
319,338
320,339
321,340
322,341
323,342
324,343
325,344
326,345
327,346
328,347
329,348
330,349
331,350
332,351
333,353
334,354
335,355
336,356
337,357
338,358
339,359
340,360
341,361
342,362
343,363
344,364
345,365
346,366
347,367
348,368
349,370
350,371
351,372
352,373
353,374
354,375
355,376
356,377
357,378
358,379
359,380
360,381
361,382
362,383
