,unit,ave_weight,weight_cov
0,0,8.90118340480099e-05,-0.015514684
1,1,-3.5662631524762665e-05,-0.017729655
2,2,5.6852806043756945e-05,-0.011230759
3,3,-8.945585165644891e-05,-0.011105536
4,4,6.01020344493259e-05,-0.01368022
5,5,0.0001355410148145903,-0.012114158
6,6,-0.0001023913873147095,-0.011193505
7,7,-9.020925189218337e-05,-0.013047449
8,8,9.450472355114691e-05,-0.010147405
9,9,-9.00163877429569e-06,-0.020204682
10,10,3.119073032091061e-05,0.84940356
11,11,-2.273123395214237e-05,-0.015826855
12,12,-3.575579721555011e-05,-0.013128869
13,13,3.168271922990013e-05,-0.018436288
14,14,2.5062524894292187e-05,-0.011714284
15,15,4.138821787310709e-05,-0.012220784
16,16,2.9945839789744786e-05,-0.01826393
17,17,-6.0823813330675714e-05,-0.013296944
18,18,7.641980532840916e-05,-0.019109474
19,19,3.831032451919534e-05,-0.0129796015
20,20,6.1554786922845006e-06,-0.01390723
21,21,-3.551325415063536e-05,-0.014204633
22,22,-4.2718461034473124e-05,-0.01616426
23,23,-1.9230474875059706e-05,-0.019976752
24,24,0.0023129610419481434,0.13737668
25,25,-6.033778755251156e-05,-0.010203323
26,26,-3.788125829209289e-06,-0.011002102
27,27,4.090380200830137e-05,-0.016028192
28,28,-3.158905127755374e-05,-0.011273721
29,29,-5.791510327670405e-06,-0.011842052
30,30,5.180785503333368e-05,-0.012793493
31,31,-3.714564456569144e-05,-0.012743782
32,32,-6.689410031319034e-05,-0.0122207245
33,33,-3.7304529171057315e-05,-0.013140619
34,34,-6.766868643376068e-05,-0.011489331
35,35,7.936469735911234e-05,-0.012423955
36,36,7.063960614832267e-05,-0.013415756
37,37,5.060148909421812e-05,-0.015543376
38,38,1.3581497911248387e-05,-0.015181399
39,39,-0.00018974846722459525,-0.017759265
40,40,-6.803901726251709e-05,-0.014772575
41,41,1.1030014844216181e-05,-0.015626453
42,42,0.002245547058974449,0.031452283
43,43,-4.9981116754972675e-05,-0.012457329
44,44,-4.6271684356020974e-05,-0.012701359
45,45,-0.0018339754238049187,0.036710855
46,46,-0.0013708726285037022,0.09568239
47,47,-7.337209271182391e-05,-0.016963918
48,48,0.002756671143360918,0.27338842
49,49,-0.00041460763360209315,-0.015445181
50,50,-0.00016800959496292254,-0.017614339
51,51,0.000766843266344147,0.81660706
52,52,-0.0006737847475414536,-0.020370217
53,53,9.634085414872169e-06,-0.013136243
54,54,-7.065714373171186e-05,-0.013158885
55,55,-0.0002838000203283169,0.030655678
56,56,8.060448276372588e-05,0.71057683
57,57,1.0662502256419623e-05,0.9529767
58,58,-8.784917598390938e-05,-0.006999028
59,59,-0.00010048599151484592,-0.011248767
60,60,-0.00011190412692422915,-0.01011297
61,61,-0.0005619736767777905,-0.0076714233
62,62,-0.00024292285306528005,0.033376038
63,63,0.0005700902527693442,0.002641592
64,64,-0.002534061268555357,0.21572113
65,65,-0.0007237420578441678,0.36166698
66,66,-1.780669802080483e-05,-0.010683291
67,67,0.00019399303685784831,-0.007003458
68,68,-0.00014055337006105598,-0.010468191
69,69,2.6413073093622676e-05,-0.010338707
70,70,-1.2863679934445686e-05,-0.011169398
71,71,1.5160359471939188e-05,-0.010498212
72,72,-0.009222358274316068,0.2191474
73,73,-0.0018786389715004146,0.26688048
74,74,-5.817425388524683e-05,-0.010239374
75,75,0.0002202139951983183,-0.0143358335
76,76,0.0031095339478926474,0.17246732
77,77,0.00023339550723142143,-0.009658279
78,78,-3.676556375329242e-05,-0.0075403093
79,79,2.813302382577298e-05,-0.015661927
80,80,-0.0009079847379235459,-0.010092689
81,81,-0.0003316197163901951,-0.008789642
82,82,0.00014717025439780674,-0.009778734
83,83,-0.0003964253572587401,0.6359185
84,84,-0.0023932637410355763,0.7393276
85,85,0.002868953130514869,0.8596688
86,86,0.00015353273537141283,-0.013183554
87,87,-0.0002658891813457846,-0.010489944
88,88,0.000106809731988498,-0.014343903
89,89,-4.757497148247071e-05,0.057072755
90,90,4.222484379924209e-05,-0.02210959
91,91,-8.779701934909299e-05,-0.0106231505
92,92,-1.1039640414996775e-05,-0.018260857
93,93,-0.0007745654213528621,-0.01214411
94,94,8.794755085445838e-05,0.10615345
95,95,-2.47708906627391e-05,-0.010604924
