,unit,ave_weight,weight_cov
0,0,-0.0022878492954407172,0.3096825
1,1,-0.0013406393025187904,0.13599725
2,2,-0.0011860223077201227,-0.020156154
3,3,-0.0015315345754864514,0.36470914
4,4,-0.0014297981942612145,0.012981144
5,5,-0.002350435125837886,0.54641163
6,6,-0.0032918920254610385,0.2728035
7,7,-0.0002814643006301291,0.26075906
8,8,-0.0010762400154286902,-0.014978117
9,9,-0.001731800905788532,0.18901442
10,10,-0.0008835656316083866,-0.048692692
11,11,-0.0019296452327838172,0.6304755
12,12,-0.003345972433643662,0.08768623
13,13,-0.0011599706979730702,-0.011043012
14,14,-0.0011323878385182222,-9.727361e-05
15,15,-0.001394353410611681,0.06405433
16,16,-0.0032235084623516742,0.6066906
17,17,-0.0015202249176642605,-0.006496583
18,18,-0.0014742299134095304,0.17319024
19,19,-0.000893631196665865,0.16470318
20,20,-0.0019717083983740243,0.24294916
21,21,-0.0018482168974151135,-0.024076907
22,22,0.0010477910353923411,0.5083412
23,23,-0.0005489876475250336,0.7856756
24,24,-0.001267641564210559,-0.004241246
25,25,-0.0007344675975825036,-0.069638185
26,26,-0.0008494477951235998,0.6164809
27,27,-0.001616877278828118,0.05476514
28,28,-0.0008115198900956481,0.21103723
29,29,-0.000862487481619354,-0.03657629
30,30,-0.0011118075508553223,0.13445185
31,31,-0.002257343319286065,0.033985406
32,32,-0.0012047574646870392,0.09969804
33,33,-0.0018042316575338192,0.09250935
34,34,-0.001418783879868594,0.5920216
35,35,-0.001506531164163789,0.1811836
36,36,-0.0013237638955630852,0.16985783
37,37,-0.0009439611260352147,-0.017891634
38,38,-0.0015767577706037627,0.05948193
39,39,-0.0014384841199051835,0.09982371
40,40,-0.0010186079969950394,0.3583318
41,41,-0.001705559449410335,0.07237538
42,42,-0.0010348906575137562,-0.01819239
43,43,-0.0012240612005988776,-0.031216193
44,44,-0.0015386752707127016,0.11785322
45,45,-0.001680783536976378,0.02728909
46,46,-0.00113966452274326,-0.009866614
47,47,-0.001694960214757278,0.03760189
48,48,-0.0012513077667983907,-0.044063177
49,49,-0.0010447700689019256,-0.046067897
50,50,-0.001221665123556098,-0.050155614
51,51,-0.0011904579168231066,0.07248685
52,52,-0.0010300146302874207,-0.024637975
53,53,-0.0011268565989303169,-0.0049142516
54,54,-0.0011300581465153907,-0.043391977
55,55,-0.00042920262578566813,0.65220106
56,56,-0.0007379914366720187,0.14576289
57,57,-0.0008716323940222992,0.03069093
58,58,-0.0047666561503334984,0.7184266
59,59,-0.0032363920555098956,0.060236335
60,60,-0.0013302296834111378,0.45502734
61,61,-0.001086670519719822,-0.019494854
62,62,-0.00048378645873602485,0.2040269
63,63,-0.0014338219827823196,0.11455497
64,64,-0.001619058294767986,-0.04479868
65,65,-0.002089900543044981,0.63848054
66,66,-0.001281020785841823,0.38333237
67,67,-0.0014445523741051147,0.019339053
68,68,-0.0009065448282556569,0.018331932
69,69,-0.0011746887777644589,-0.0004148502
70,70,-0.0012519285218271156,-0.004797608
71,71,-0.0011180079323374532,-0.028590944
72,72,-0.0008991029464937128,-0.020911181
73,73,-0.0017479123871908086,0.5218646
74,74,-0.0014721400465199015,0.58333236
75,75,-0.002794831923347374,0.6475259
76,76,-0.001010655497930202,-0.035747785
77,77,-0.0012784462785884899,0.11907605
78,78,-0.0003226679882000856,0.30487743
79,79,-0.002205973003332626,0.3130663
80,80,-0.0011550714628477483,0.19810337
81,81,-0.0020576077253751162,0.26819977
82,82,-0.001323861331632846,-0.049374543
83,83,-0.0013295869814707354,0.30605838
84,84,-0.0015095839830991053,-0.049494874
85,85,-0.0015135215673096997,-0.003688015
86,86,-0.0020248469144951288,0.29406705
87,87,-0.0013754514852845053,0.076132804
88,88,-0.001613823022901973,0.14312054
89,89,-0.0011131286454080206,0.5278779
90,90,-0.00079832654194585,0.26100934
91,91,-0.00031304109223431926,0.46394822
92,92,-0.001000345054932647,0.30910063
93,93,-0.001299974451307652,0.4678077
94,94,-0.00145322009359802,0.12654798
95,95,-0.001032791405395983,0.1204443
96,96,-0.0014435304452748217,0.20850931
97,97,-0.0012760009174417064,0.2763277
98,98,-0.0012204601667046215,0.2255496
99,99,-0.0018813875447782871,0.0739374
100,100,-0.0017135411664485644,0.5388019
101,101,-0.00124357066480646,0.00243331
102,102,-0.0008666633037569227,0.100250535
103,103,-0.00025893285229109606,0.5979155
104,104,-0.0007694627986885886,0.018676732
105,105,-0.0008800360249582202,0.31206775
106,106,-0.0015255733929173706,0.0039339005
107,107,-0.0018345351515586118,0.11724873
108,108,-0.0010583105808962994,-0.044169806
109,109,-0.0008186719217254298,0.35939342
110,110,-0.00192521121880759,0.63238657
111,111,-0.001164752873417759,0.10540521
112,112,-0.0013915765706648624,0.09670996
113,113,-0.000872904238879831,0.19262564
114,114,-0.00038177062580151263,0.21926008
115,115,-0.0011096708898912767,-0.018634632
116,116,-0.0014298917609092618,0.0036085853
117,117,-0.0011917822678469748,0.5192089
118,118,-0.0056531364148637905,0.80685997
119,119,-0.0021763411570221553,0.3020006
120,120,-0.0013712236152726594,-0.034356005
121,121,-0.0007176190163257464,0.30923215
122,122,-0.0022675081504056984,0.08884193
123,123,-0.0009647474195996135,0.0048982347
124,124,-3.937219979288642e-06,0.37586954
125,125,-0.0009671297037129988,-0.010001375
126,126,-0.002125976649091778,0.0791717
127,127,-0.0017677321275823487,0.047911122
128,128,-0.0019151452102505572,0.27219138
129,129,-0.001332330619257694,0.5577543
130,130,0.0008456542479655126,0.14147902
131,131,-0.0014817578557502506,0.040813804
132,132,-0.0013187249089024638,0.6056387
133,133,-0.0012903999348342647,0.18976405
134,134,-0.0003431443524357292,0.16063364
135,135,-0.0010631680726752772,0.6144814
136,136,-0.0013930388136941473,0.09665299
137,137,-0.0023311671566852966,0.4661905
138,138,-0.0008012142336675272,0.026057485
139,139,-0.0006495391050975741,-0.02473312
140,140,-0.002288144462053688,0.13799234
141,141,-0.0022126157540162694,0.10930392
142,142,-0.0018016495171923452,0.53404367
143,143,-0.0010011813828481309,-0.03948986
144,144,-0.0013229945208680267,0.3705265
145,145,-0.001815075538222383,0.24609558
146,146,-0.0009883088673844516,0.2171387
147,147,-0.0012220746332604903,0.0459731
148,148,-0.00016164851234861999,0.38401628
149,149,-0.0008376788676144997,0.086765245
150,150,-0.001365838800805553,0.12290744
151,151,-0.0008037521587129959,-0.018987767
152,152,-0.002343548596142,0.28059897
153,153,-0.0008628894237214505,0.117655516
154,154,-0.000823722995657287,0.031060966
155,155,-0.00099446956765424,-0.037600994
156,156,-0.0012556718387137758,0.028971985
157,157,-0.0016460646241735807,0.66797435
158,158,-0.0006667793902003419,0.10445139
159,159,-0.0026348198489192023,0.50374746
160,160,-0.00017003079202974428,0.1604224
161,161,-0.0009700192066098149,-0.02958078
162,162,-0.005551913213716944,0.8834028
163,163,-0.001127776415309351,0.11064352
164,164,-0.001170968197205487,0.031682707
165,165,-0.0016757590970979664,0.38977203
166,166,-0.0016382375669354587,0.5382734
167,167,-0.0020301494689450314,0.48092052
168,168,-0.0006341938607435319,0.135565
169,169,-0.000875052241871496,-0.01772291
170,170,-0.00040782571357302305,-0.0068327812
171,171,-0.0007565785910560407,0.013089604
172,172,-0.0007051414910578538,0.23240042
173,173,-0.00041814717111928227,-0.008808184
174,174,-0.00017415427150960266,0.24015349
175,175,-0.0011741567550234322,0.09082618
176,176,-0.0013982579934781825,0.52272993
177,177,-0.001602606768019541,0.11565917
178,178,-0.0005687857739648431,0.007310611
179,179,-0.0013223474819596959,0.08811774
180,180,-0.0009665446839009443,0.37531507
181,181,-0.0020342817156036594,0.59698015
182,182,-0.0023522546790930693,0.4985013
183,183,-0.00179936704657545,0.2548184
184,184,-0.0007635883059432066,-0.013805766
185,185,-0.0010148924591982223,0.043255378
186,186,-0.0011233169206646683,0.15778577
187,187,-0.001555728201282515,0.2554059
188,188,-0.0014967653796653243,0.28892973
189,189,-0.0005129820864438747,0.093020104
190,190,-0.0006387900160128387,0.027742857
191,191,-0.0012848997027979673,-0.008945704
192,192,-0.0009346509384992411,0.0066285357
193,193,3.56588965996707e-05,0.41161153
194,194,-0.0019515149675407883,0.21200241
195,195,-0.0021196262011775008,0.54513294
196,196,-0.0027646514189863564,0.6990647
197,197,-0.0018300534861062563,0.29960385
198,198,-0.0014222824076296093,0.08331721
199,199,-0.0011520997662288815,0.14412226
200,200,-0.000660711947660578,-0.050433777
201,201,0.00036785849553211847,0.34151444
202,202,-0.0017290405313245098,0.45752355
203,203,-0.0008534389714933847,-0.033626653
204,204,-0.0007902288900495572,0.018854791
205,205,-0.002145209716569904,0.6562336
206,206,-0.000832057533762054,0.021501834
207,207,-0.001441402234064147,0.05660255
208,208,-0.001314936517262879,-0.010047196
209,209,-0.00100568003567408,0.45940995
210,210,-0.0016621333526192453,0.14748922
211,211,-0.0004063703864748428,0.12430912
212,212,-0.0015552365262468963,0.48560145
213,213,-0.0007603923442756392,0.08972692
214,214,-0.0017676743359273436,0.19634476
215,215,-0.0014433220670226395,0.006071531
216,216,-0.002192055498936346,0.60166436
217,217,-0.0011798885553680567,0.103156514
218,218,-0.001669208611775351,0.12477286
219,219,-0.001759389620968553,0.2678478
220,220,-0.0006770385935419654,0.096893765
221,221,-0.0009405942789400493,0.10843743
222,222,-0.0026213491258157734,0.25160944
223,223,-0.0012885178134073765,-0.009251313
224,224,-0.0013148713212982935,0.08126193
225,225,-0.0014100298872123556,0.29995725
226,226,-0.0014978391562484223,0.0687634
227,227,-0.0014860292485385192,0.054719537
228,228,-0.0007322981464646242,-0.0082837315
229,229,-0.00047501028356085345,0.4435163
230,230,-0.0009080914014687854,0.14198905
231,231,-0.0013052242499937469,0.20110475
232,232,-0.0015718200596074893,0.21631017
233,233,-0.0021281741949303523,0.7808409
234,234,-0.0015308831356130289,0.1048324
235,235,-0.0011934023655514163,-0.00013801792
236,236,-0.0015376687663835279,0.054627765
237,237,-0.0009173702108576739,0.0702891
238,238,-0.0005517920451321364,0.41236627
239,239,-0.0009604779320381832,0.0027623584
240,240,-0.0013862125645277956,0.0024193926
241,241,-0.0021974692845772854,0.45869228
242,242,-0.0007242643136032711,0.33640245
243,243,-0.0010550795805374946,0.21795993
244,244,-0.0015081243057344788,0.07330273
245,245,-0.0015118577414678688,0.210522
246,246,-0.0024961677771496702,0.57168627
247,247,-0.002844526420837307,0.63960487
248,248,-0.0006161970826118098,0.02722157
249,249,-0.0022405568724389014,0.00539878
250,250,-0.0013176521671728854,0.0066710305
251,251,-0.0017013546262220796,0.76149094
252,252,-0.0014146932596546928,0.10443713
253,253,-0.0014002349216365435,0.5534352
254,254,-0.0011396012553207887,0.038362976
255,255,-0.0008322761164780937,0.17311439
