,unit,ave_weight,weight_cov
0,0,-0.0008172868508216327,0.15719709
1,1,-0.000960038939998785,0.29069126
2,2,-5.992608796784932e-05,0.18046804
3,3,-0.0014534334303723836,0.31791884
4,4,-0.0008500142459588744,0.20747425
5,5,-0.00011133187838543692,0.51332724
6,6,-0.0007546301359609862,0.19852486
7,7,-0.0011398910281993973,0.4587157
8,8,-0.0009776038607919684,0.29043704
9,9,-0.0001883819241632365,0.21181196
10,10,0.0003733904064444873,0.364144
11,11,-0.0008076061395732026,0.34236303
12,12,-0.00028815236915688856,0.49055508
13,13,-0.0005505341960163119,0.15535358
14,14,-0.0001726308151023876,0.019040318
15,15,-0.0018937117982999279,0.32574892
16,16,-0.0001566386063256924,0.36179444
17,17,-0.00026716837820571645,0.5502673
18,18,-0.0016174034446581548,0.32080513
19,19,3.468852026125877e-05,0.3670663
20,20,-0.000791150555728759,0.3530842
21,21,-0.0006207051300201667,0.17549144
22,22,-0.0010496778245491594,0.31113473
23,23,-0.001353363929205721,0.28302896
24,24,-0.0006637246749437627,0.25979608
25,25,-0.001650060296265268,0.84603673
26,26,-0.0011708490872829695,0.3408851
27,27,-0.0016774221875043417,0.42148414
28,28,-0.0001024795175774942,0.2724878
29,29,-9.047965236688406e-05,0.40295908
30,30,-0.00045104206817075324,0.05664208
31,31,-0.001987027105397369,0.54045725
32,32,-0.0005893822178570929,0.2218234
33,33,-0.00023612523411169976,0.33028743
34,34,-1.6100865238794564e-05,0.2550253
35,35,-0.00029990305570298185,0.39785576
36,36,-0.0003977703303753947,0.08434444
37,37,-0.0003854397125506479,0.6137112
38,38,-0.0003000132256083532,0.28326485
39,39,-0.001530727863758605,0.2539488
40,40,-0.0008152022612099882,0.17911746
41,41,-0.0008900251286149993,0.30984333
42,42,-0.00113658846786772,0.15794113
43,43,-0.00034001127677246105,0.23713939
44,44,-0.0006361647385320327,0.61138904
45,45,-0.0008067727122230571,0.14724557
46,46,0.0008529160665389964,0.2932394
47,47,-0.00034579212970539983,0.30387858
48,48,-0.0004123049745581185,0.12812078
49,49,-0.0001301323324860684,0.19227901
50,50,0.00039109982427120034,0.30192223
51,51,-0.0014212720290432104,0.4773476
52,52,-0.0016212551706329156,0.4122089
53,53,-0.001126814851830243,0.28008223
54,54,-0.0003172693488863053,0.33621174
55,55,-0.0009310475382476745,0.4943789
56,56,0.000254993078963977,0.171655
57,57,-0.0003580890054064096,0.41169074
58,58,-0.0002547924968319866,0.41910833
59,59,-0.0006112010887145106,0.0756184
60,60,-0.0008798587167265164,0.30689076
61,61,-0.0012338728830513111,0.3593875
62,62,-0.0013053617780150893,0.35702592
63,63,-0.0011252412219510985,0.078752
64,64,-0.0002822446309285927,0.42566705
65,65,0.00015052973996413735,0.27755523
66,66,-0.0008430026189924808,0.32835263
67,67,-0.001986257488910089,0.30359825
68,68,-0.0006828402150946328,0.2739782
69,69,-0.00027227875679850894,0.29023364
70,70,-0.0010171544842247668,0.23245603
71,71,7.901026466022248e-05,0.2739326
72,72,-0.0007187961638024869,0.15833509
73,73,-0.0005815398869423048,0.1534292
74,74,-0.0004997658937243207,0.1718427
75,75,0.0002066463390037527,0.48436657
76,76,-0.0005564531227588216,0.27919024
77,77,-0.0006546339180728308,0.23104478
78,78,-0.000967550010041328,0.39193857
79,79,-0.00019846819561348324,0.3032538
80,80,-0.002016897450609376,0.3211926
81,81,-0.0012091816660469374,0.11938416
82,82,-0.0001529601442192706,0.42382708
83,83,-0.0003850315035494292,0.10125479
84,84,-0.0005150515384247317,0.22565609
85,85,-0.0007635289245158106,0.32653973
86,86,-0.0012060288775583355,0.21060622
87,87,-0.0007245248039003332,0.31484383
88,88,-0.0005725840298490917,0.57766527
89,89,-0.001133649177524158,0.40057558
90,90,-0.0016975030412263016,0.38894704
91,91,-0.001221628098860666,0.28382212
92,92,-0.00047055340867056356,0.5136121
93,93,-0.0008134766401868276,0.29613778
94,94,-0.00032550507239825777,0.24318482
95,95,-0.00025061467330653484,0.25156936
96,96,-0.0005422124690047289,0.17798124
97,97,-0.0005737669086164971,0.13552901
98,98,-0.0001596166312913199,0.2737228
99,99,-0.0012747267538152978,0.32124946
100,100,0.0003752328643516181,0.39224133
101,101,-0.0007416765588901993,0.2450976
102,102,-0.0012855210827575902,0.2848497
103,103,-0.0012142903544223316,0.51172876
104,104,-0.00019514754432808305,0.51142573
105,105,-0.0015017015597129399,0.2076089
106,106,-0.0001355980473112497,0.19845545
107,107,-0.0003859852783077618,0.17769428
108,108,-0.0011865386843024812,0.25449085
109,109,-0.0006676620736101313,0.369174
110,110,-0.00024304741528031256,0.33016682
111,111,-0.0005238520741064592,0.26570067
112,112,-0.001392476235849877,0.29551616
113,113,-0.0008423426815170486,0.12482421
114,114,0.0001231054538521903,0.40620992
115,115,-0.0016717491808488421,0.37090752
116,116,-0.0007124429372705126,0.14764097
117,117,-0.00047248394009466764,0.23787194
118,118,-0.0010453795847872192,0.36424446
119,119,-0.0004416758938295838,0.21601205
120,120,-0.00010686609215642622,0.2915657
121,121,-0.000840679372734638,0.34910157
122,122,-0.001041960257216849,0.333051
123,123,-0.0011482533012430924,0.3676111
124,124,-0.0019500548349213886,0.35116604
125,125,-0.0004280858570272371,0.27344552
126,126,-0.0005065392806914796,0.28044167
127,127,-0.0006295041116006761,0.1349848
128,128,-0.0012201131019537275,0.20031072
129,129,-0.0005334983436963765,0.39285824
130,130,-0.0007966909502871525,0.22415307
131,131,0.00010140289348450595,0.058374338
132,132,-0.0004418390681681434,0.18278395
133,133,-0.0013335528966577452,0.3661503
134,134,-0.0015914281196675656,0.25254768
135,135,-0.0012676680799480601,0.26037812
136,136,-0.0007893349770278965,0.043751273
137,137,-0.000532617531048866,0.5192987
138,138,-0.00041935372918396513,0.32620773
139,139,-0.0013811406860348122,0.24390264
140,140,-0.0005484154395551203,0.45843485
141,141,-0.000556566722579335,0.3681305
142,142,-0.0007493778828099565,0.30626848
143,143,-0.00012298513641997546,0.27309552
144,144,-0.0005781284090277734,0.21127109
145,145,-7.346465803199149e-05,0.20703083
146,146,-0.0009818674190912684,0.19694154
147,147,-0.001095061669847075,0.32067212
148,148,-0.0008795174404519676,0.26437894
149,149,-0.002050589528904122,0.5749447
150,150,-0.0007619641107151014,0.16034034
151,151,-0.0009906532248676017,0.4049976
152,152,-0.00022552701022130842,0.24711367
153,153,-0.0003294315838557635,0.24834737
154,154,-0.00027686373291461547,0.32841876
155,155,-0.0005410014280554284,0.24634375
156,156,-0.0006110983553017214,0.2651721
157,157,-0.001174967043714127,0.30400145
158,158,0.0007421024932502283,0.3207039
159,159,-5.4572520876187504e-05,0.45151114
160,160,-0.000661827932335552,0.44628778
161,161,-0.00015135228001956276,0.2088182
162,162,-1.1863591656021319e-05,0.29358605
163,163,-0.001073019925692383,0.26591247
164,164,0.0003084905821489286,0.32529503
165,165,-0.0002759260106420432,0.1209895
166,166,-0.0008753120522982075,0.2878375
167,167,-0.0009262918252994881,0.1530709
168,168,-0.00017760935141492636,0.46091127
169,169,-0.0005424536552685538,0.26847357
170,170,-0.00022159795947255626,0.44327745
171,171,-0.001432501299982489,0.20267239
172,172,-0.0010337926115153964,0.17444259
173,173,-0.00012091318530929287,0.17130756
174,174,-0.001189458659385936,0.26171005
175,175,-0.000828734077995478,0.114868924
176,176,-0.0009451037687478151,0.41256613
177,177,-0.0013641900920191574,0.3648568
178,178,-0.0006931958783889217,0.19587898
179,179,1.4823034330646578e-05,0.46684277
180,180,-0.0007637647797800184,0.31219724
181,181,-0.0007114794731326097,0.22498997
182,182,-0.0004119442437235696,0.08604178
183,183,-0.0006587255265214272,0.123152375
184,184,-0.0015455864719287307,0.5512069
185,185,-0.0020656210018685783,0.5594622
186,186,-0.0021517348133858073,0.5089314
187,187,0.0004810858279521805,0.31627056
188,188,-0.0017079633853593161,0.37292013
189,189,-0.0005201544105418855,0.1108438
190,190,-0.0003200606221045948,0.09061124
191,191,-8.593782769613274e-05,0.34728804
192,192,-0.0006382114795453475,0.052646745
193,193,-0.0013468664526870258,0.010451653
194,194,-0.0007026750591236919,0.05260089
195,195,-0.0005904967266958908,0.08881978
196,196,-0.0011480513680023957,0.12292759
197,197,-0.0007499779561508132,0.2694417
198,198,-0.0002938298719578193,0.16273224
199,199,-0.001204260332400015,0.0005492308
200,200,-0.0009012021063027712,0.26266178
201,201,-0.0008161808410570694,0.2911097
202,202,-0.0003763106075682643,0.042347077
203,203,-0.0006097685724037029,0.49666816
204,204,-0.001551818200378542,0.20212258
205,205,-1.9251074567547574e-05,0.2932213
206,206,0.00020779185422586325,0.21846956
207,207,-0.0011118556087662422,-0.055371612
208,208,-0.0005140100198748085,0.36769438
209,209,-0.0012707652297534702,0.09341591
210,210,-0.0009436897664085978,0.077451095
211,211,-0.0005517615148155938,0.015664577
212,212,-0.0003174467543954525,0.054564096
213,213,-0.00014047617484338717,0.048336454
214,214,-0.0009015383536704983,0.26214245
215,215,-0.0011667141623418569,0.09372209
216,216,-0.0008760183306686128,0.20720041
217,217,-0.00026155937347531005,0.18640055
218,218,-0.0016405440564927825,0.26184127
219,219,-0.0006466541433754161,0.03719437
220,220,-0.0003520459328357885,0.30115506
221,221,-0.00044687641842609967,0.07444456
222,222,-0.0005725600476215299,0.37597597
223,223,-0.0006877448764526722,0.21487175
224,224,-0.0008388115433517226,0.11580122
225,225,-0.00030372174489122646,0.12950242
226,226,-0.0008204421371536973,0.11494539
227,227,-0.001128054396488566,0.2721603
228,228,-0.0005995010725582025,-0.0314095
229,229,-0.0008833631881862579,0.17128201
230,230,-0.0006588225869888436,0.005306663
231,231,-0.0011884226865436097,0.055660926
232,232,-9.108697924710264e-06,0.15524082
233,233,-0.0007751545163963394,0.28024393
234,234,-0.00033047071337162964,0.14759704
235,235,-0.0006738661212586865,0.18198508
236,236,-0.000380659338791784,-0.016255692
237,237,-0.001673072581664788,0.17487136
238,238,-0.0005250037237569671,0.13404332
239,239,-0.0009927592865138655,0.46351537
240,240,-0.0005969643908212419,0.30750686
241,241,-0.0023210332177947793,0.3502837
242,242,6.854960976138752e-07,0.1833426
243,243,-0.0009068440179420792,0.15522525
244,244,-0.0008853675129246915,0.10325386
245,245,-0.00018613568378178513,0.15586744
246,246,-0.00043968118515557027,0.21289796
247,247,-0.0014290099321758731,0.09438481
248,248,-0.0014622752031216003,0.20357339
249,249,-0.0002704918637839171,0.38322365
250,250,-0.0007380522010065091,0.12786666
251,251,-0.0005156253842078703,-0.0011390428
252,252,-0.0012987556917804079,0.10558239
253,253,-0.0007449443803066755,0.27101788
254,254,-8.772044120893459e-05,0.111236334
255,255,-0.0008900147925545968,0.050227787
256,256,-0.0013061679326941997,0.28164342
257,257,-0.0007612842402006473,0.11875372
258,258,-0.00044898171563190203,-0.02124014
259,259,-0.0005575408558920161,0.06256489
260,260,-0.0019519788291053114,0.044533662
261,261,-0.0007551124180950176,0.048181694
262,262,-0.000927502236668154,0.48446828
263,263,-0.000992148869741527,0.112112984
264,264,-0.00022565678272242393,-0.017738964
265,265,-0.0014295306886782872,0.28072327
266,266,-0.0011243176137808082,-0.0054803593
267,267,-0.0014754748650109345,0.13974926
268,268,-0.0002967402471506138,0.017650114
269,269,-0.00047980772118371025,0.0061492138
270,270,-0.0006049490522867826,0.23716268
271,271,-0.0008952689234027108,0.17148557
272,272,-0.0004661004401190401,0.04180572
273,273,-0.0014782243166394278,0.31941426
274,274,-0.00019568163339971848,0.14759786
275,275,-0.0003126958233844827,0.3707723
276,276,-0.0015875300161570178,0.27408025
277,277,-0.0006067535541179028,0.06688519
278,278,-0.001329390310921102,0.60978764
279,279,-0.0005693962540177387,0.4077425
280,280,-0.0007339059200446801,0.06451291
281,281,-0.0008651217127009719,0.19090194
282,282,-0.00027051438248978005,0.05131583
283,283,-0.000403364569403486,0.0070749503
284,284,8.2925715988422e-05,0.25856224
285,285,-0.002078584786309771,0.11542416
286,286,-0.0009317062498238234,0.3216422
287,287,-0.0007498429093411277,0.18168736
288,288,-0.0007943771163702164,0.03317417
289,289,-0.000855721487392596,0.17042509
290,290,-0.0016027103664665926,0.15842453
291,291,-0.00038992656241750484,0.0442466
292,292,-0.0011473986701106122,0.21978128
293,293,-0.00045006567770121024,0.3674077
294,294,-0.0002698741506379005,-0.00024040978
295,295,-0.001164982395254002,0.19708532
296,296,-0.0004084795127816676,0.18404396
297,297,-0.0009549927292269444,0.5436565
298,298,-0.0009740935301437345,0.09127988
299,299,-0.001094434186884917,0.022306494
300,300,-0.0005869107648181678,0.07630174
301,301,-0.0009638794758494779,0.050094448
302,302,-0.0006396265690884473,0.2178192
303,303,-0.0004575560896140887,0.42661333
304,304,-0.0016073813546573963,0.25174513
305,305,-0.00017991871273754297,0.10655125
306,306,-0.0005658522445202152,0.23793
307,307,-0.0007319754708943194,0.21467106
308,308,-0.0007280765853881673,0.1578761
309,309,-0.0012131910252849802,0.051901054
310,310,-0.000925579440215232,-0.0050552
311,311,-0.0010839622674656052,0.02843787
312,312,-0.0009058996087796503,0.38529527
313,313,-0.0007014105898649604,0.28418055
314,314,-0.0008505623723035822,0.012672202
315,315,-0.0006089947870530447,-0.026597764
316,316,-0.0009401491231923526,0.16779931
317,317,-0.000979566442373107,0.23826104
318,318,-0.0011855377911010755,0.1728004
319,319,-0.0002186998368830394,0.36442995
320,320,-0.0003063502377286377,0.021060493
321,321,-0.0011652330558564,0.4755692
322,322,-0.0007878899905568756,0.390366
323,323,-0.001353850627508023,0.13282262
324,324,-0.0002564332802017017,0.31961858
325,325,-0.0005876112568377797,0.46135727
326,326,-0.0009912776181222327,0.086207606
327,327,-0.0012730440024850192,0.5438564
328,328,-0.00034108011105862503,0.043677103
329,329,0.0005665566732086328,0.18016627
330,330,-0.0011152269543386576,0.1672109
331,331,-0.0010258381307011177,0.20588869
332,332,-0.00205588837471672,0.29702166
333,333,-0.000712342572248935,0.3267894
334,334,-0.00035705058455409104,0.07951658
335,335,-0.00040764623039437866,0.122185126
336,336,-0.001274695828548605,0.45199212
337,337,-0.0008440527136003419,0.039122276
338,338,-0.00017125192660493048,0.099877365
339,339,-0.0012790032217032553,0.10612429
340,340,-0.0007183306743204159,0.26609907
341,341,-0.002218865516468929,0.1372844
342,342,-7.55369810627984e-05,0.21763788
343,343,-0.001301829603023287,0.15759301
344,344,-0.0006509936007906466,0.12902552
345,345,-0.0007689812592137141,0.27521247
346,346,-0.0004440754193507522,0.06550565
347,347,-0.0004826593628962033,0.10765329
348,348,-0.0006944404406667499,0.2455458
349,349,-0.0011956210664247162,0.48736003
350,350,-0.00045683950483815176,0.064901724
351,351,-0.001092488294056911,0.06941954
352,352,0.000787831286877526,0.48544446
353,353,-0.0003259429697071899,0.2831067
354,354,-0.0005223992119673208,0.27325207
355,355,-0.0006039023248071768,0.010793178
356,356,-9.808327786384495e-05,0.06229645
357,357,-0.0003348846276841992,0.17195106
358,358,-1.9515450634462656e-05,0.29051337
359,359,-0.0008571619124809379,0.023498394
360,360,-0.0008375248778749425,0.11006963
361,361,-0.0017179757021452443,0.18547322
362,362,-0.0013739901529312704,0.24013875
363,363,-0.0008098272676634445,0.09846222
364,364,-0.001020646976635299,0.29040423
365,365,-0.000872756601037139,0.36502334
366,366,-0.00044485366534649827,0.054624084
367,367,-0.0011263485076120875,0.12463236
368,368,-0.0015325628006941372,0.2304995
369,369,0.00021280677969381934,0.19130976
370,370,-0.0008887232948195686,0.1845031
371,371,-0.0008358704451205926,-0.0070190765
372,372,-0.00023734669076751972,0.1583755
373,373,-0.0006237709468849397,0.585552
374,374,-0.001854229585896958,0.16202517
375,375,-0.0007303064787286138,0.08554429
376,376,-0.0008437146332190713,0.5596118
377,377,-0.0005719168135607492,0.08827712
378,378,-0.0011774968139916335,0.52859694
379,379,-0.0010582490837443004,0.0896871
380,380,-0.0018848749373086252,0.38849068
381,381,-0.0015109468830842114,0.35635698
382,382,-0.0015152084811526202,0.22527215
383,383,-0.0007531078816217137,0.059474617
