,unit,ave_weight,weight_cov
0,0,-0.00019928337261487382,0.41099337
1,1,-0.0011088190959838646,0.19164427
2,2,-0.001003054926981248,0.39327052
3,3,-0.0005121161829840751,0.20580184
4,4,-0.0012301021406762448,0.20450558
5,5,-0.0006704954155973007,0.2701658
6,6,-0.0015772995210601981,0.44366372
7,7,-0.0011855170150091175,0.37240836
8,8,-0.0010748357487186779,0.32823893
9,9,-0.001419086992801984,0.322241
10,10,-0.000590121034191887,0.10148295
11,11,-0.0005785267692393893,0.15950534
12,12,-0.001559668282512108,0.29595646
13,13,-0.001424534945498492,0.36463627
14,14,-0.001841615691921403,0.3193055
15,15,-0.0013529333160255787,0.15585431
16,16,-0.001114546522419207,0.27327284
17,17,-0.0016121680151458828,0.47162816
18,18,-0.0012080506027732302,0.44673705
19,19,-0.0013337655850765235,0.10460654
20,20,-0.001788704144486866,0.27143955
21,21,-0.001486759933612276,0.2417374
22,22,-0.0012409620453002776,0.11425838
23,23,-0.0003574756746983775,0.41839367
24,24,-0.0003455286544256333,0.22624527
25,25,-0.0005272088228920253,0.37928402
26,26,-0.0009195783469185362,0.26854983
27,27,-0.0010051975961602538,0.3629137
28,28,-0.0016026274823083234,0.1921638
29,29,-0.0008045501743262557,0.2513416
30,30,-0.00018691662497695284,0.31170818
31,31,-0.0007034352327766387,0.35122523
32,32,-0.0012158702629389705,0.3853197
33,33,-0.0016199611150392878,0.29474172
34,34,-0.001400285571849717,0.45252934
35,35,-0.0013978545837121433,0.087338984
36,36,-0.0010332495496219996,0.21752572
37,37,-0.0006257738670290826,0.2115043
38,38,-0.0017818994844842205,0.35485056
39,39,-0.0013892528686304322,0.2557696
40,40,-0.0007967252831804217,0.39345792
41,41,-0.0011440189294360278,0.34481657
42,42,-0.0017659922827930443,0.3499196
43,43,-0.001066510913954225,0.37115008
44,44,-0.0011839817074554015,0.074650034
45,45,-0.0014337893137600325,0.39229676
46,46,-0.0017511173915328488,0.4676396
47,47,-0.0014066238536590465,0.19657801
48,48,-0.0013376407718705306,0.29301032
49,49,-0.0012007939729456935,0.4918113
50,50,-0.00139174363158224,0.2300847
51,51,-0.0011364012576709432,0.2827299
52,52,-0.0011706158385680755,0.20490703
53,53,-0.0014719719639111504,0.39692867
54,54,-0.0004250107520970527,0.2538841
55,55,-0.0012305988884933144,0.15844761
56,56,-0.001327827420317994,0.27335176
57,57,-0.0006635316724836255,0.34042573
58,58,-0.0007813364277174733,0.50857437
59,59,-0.0020037220773590266,0.25099373
60,60,-0.00026013520383853745,0.33270255
61,61,-0.0006797344446916371,0.34034207
62,62,-0.0013819306291394816,0.31099156
63,63,-0.0010081389774088453,0.37439072
64,64,-0.0019262435373840327,0.26897496
65,65,-0.0012219367642885004,0.2765426
66,66,-0.0010307139963138133,0.3691074
67,67,-0.0009410500275698218,0.22122544
68,68,-0.0010716138284405817,0.29691008
69,69,-0.0002205725134183954,0.3603112
70,70,-0.0010408101631258905,0.15709835
71,71,-0.0007346862479685704,0.2680199
72,72,-0.001568092726819101,0.26837966
73,73,-0.0008397168874502107,0.3912352
74,74,-0.0013348736035934939,0.26218557
75,75,-0.0023872288243885643,0.34563908
76,76,-0.0016808041153613775,0.33213115
77,77,-0.0005095415655226268,0.43258542
78,78,-0.0004498522133789396,0.33165425
79,79,-0.00048669564963195927,0.31686586
80,80,-0.0009218717119344538,0.35010576
81,81,-0.0008831737965835445,0.18564774
82,82,-0.0017817602172745712,0.27535874
83,83,-0.0008739791786967261,0.47458842
84,84,-0.0011419441571968458,0.26515052
85,85,-0.0017058563024407016,0.3192253
86,86,-0.001453038693630391,0.35584816
87,87,-0.0013980974837274382,0.3052667
88,88,-0.0016165891815918317,0.18256795
89,89,-0.0009543030280583396,0.34214187
90,90,-0.0008558864675910206,0.42065284
91,91,-0.001432743054244333,0.25529352
92,92,-0.0009217246032912937,0.42048594
93,93,-0.0014580218508223619,0.30318582
94,94,-0.0012759882739900072,0.36967805
95,95,-0.001730310205689252,0.29136425
96,96,-0.0015420492769288154,0.33791718
97,97,-0.0010024057049201824,0.2715844
98,98,-0.0015198632755492006,0.23956567
99,99,-0.000809954088287307,0.2947334
100,100,-0.001463390745304541,0.20065661
101,101,-0.0014207563676691978,0.33920783
102,102,-0.0015822191158021168,0.2688509
103,103,-0.0012314069889824892,0.42878097
104,104,-0.0011319685827597024,0.27257353
105,105,-0.000164735173876175,0.5116054
106,106,-0.00039612521259810605,0.3949547
107,107,-0.0014674618757034616,0.26164165
108,108,-0.0012534666561952723,0.3281904
109,109,-0.0013286584813378965,0.2971209
110,110,-0.0009023182848590363,0.32634988
111,111,-0.0014418901572820755,0.25132746
112,112,-0.001355153833910568,0.31318775
113,113,-0.0012482338807613073,0.28059444
114,114,-0.0008764273591000178,0.3222209
115,115,-0.001833061578471826,0.2543018
116,116,-0.0015596754303714988,0.16866721
117,117,-0.0014348890713392585,0.37638566
118,118,-0.0007751614314023064,0.39114302
119,119,-0.0021543034372392095,0.4839316
120,120,-0.0006449706944648722,0.29698765
121,121,-0.0012189681614461069,0.39906934
122,122,-0.0007439444286386066,0.33928964
123,123,-0.0010399150060880788,0.30459648
124,124,-0.0011114771224545923,0.48505625
125,125,-0.0005169515557233132,0.22206135
126,126,-0.0010048533304522305,0.32324764
127,127,-0.0009596112986269258,0.2191269
128,128,-0.0011294000720693757,0.3605524
129,129,-0.000982002645727149,0.24957389
130,130,-0.0010393761948177785,0.33140463
131,131,-0.001490510093528346,0.4383493
132,132,-0.0015381619514700847,0.15062739
133,133,-0.0006497776456529154,0.10607895
134,134,-0.00021395637643069394,0.47417262
135,135,-0.0010214656278909235,0.23285902
136,136,-0.0011853815872358256,0.31658426
137,137,-0.0012779180677158137,0.2650507
138,138,-0.0009623493908318445,0.30187434
139,139,-0.002018798127516498,0.30976027
140,140,-0.0014172390668881639,0.33334684
141,141,-0.0007230081855214339,0.24177115
142,142,-0.0009840281185265415,0.36829337
143,143,-0.0006293540606560766,0.2921327
144,144,-0.0015792955524892942,0.27750897
145,145,-0.001140595426105788,0.41961467
146,146,-0.0013490824252315819,0.27542385
147,147,-0.00037462709132830277,0.40128714
148,148,-0.0010594543140766913,0.07723157
149,149,-0.0015653356512313496,0.14750364
150,150,-0.0008903481372623513,0.3990174
151,151,-0.0013765385068732936,0.26057962
152,152,-0.0014164562027748093,0.30823752
153,153,-0.00139970048867584,0.27254105
154,154,-0.0014319298870191233,0.33872807
155,155,-0.0011292591437013387,0.39707956
156,156,-0.0011196572512591064,0.23356733
157,157,-0.0012956514379593668,0.24211417
158,158,-0.0007975304371962431,0.33421603
159,159,-0.0015566283134499823,0.26987582
160,160,-0.0009537980936397827,0.30272436
161,161,-0.0003675875058164551,0.2987602
162,162,-0.00035520911187755696,0.20163788
163,163,-0.0012959733771974993,0.3871532
164,164,-0.00023363917679449005,0.4678804
165,165,-0.0016248909369551783,0.27623597
166,166,-0.0012098144682471247,0.4793794
167,167,-0.0006401164064746309,0.37036937
168,168,-0.0009281628592715242,0.24381933
169,169,-0.00042274363802040105,0.34571883
170,170,-0.0015798760236490257,0.30343065
171,171,-0.0007818170012049143,0.32703552
172,172,-0.0007147282094971766,0.32230532
173,173,-0.0007519669788267594,0.35199887
174,174,-0.001703660945650977,0.50875956
175,175,-0.0011301324781956413,0.26013568
176,176,-0.000835174848045673,0.3890361
177,177,-0.000990379472417165,0.38503522
178,178,-0.0006394971086128484,0.3414126
179,179,-0.00104101021959848,0.24072175
180,180,-0.000731111968068237,0.31728506
181,181,-0.00154557828107629,0.1837692
182,182,-0.0015257617653513399,0.19028391
183,183,-0.0012280408505652666,0.14114285
184,184,-0.001164940255999151,0.391908
185,185,-0.0007162771848119556,0.38746938
186,186,-0.0008818545401633552,0.32716745
187,187,-0.00128022670566576,0.40568537
188,188,-0.0008938230110923465,0.2324519
189,189,-0.0006262243798721136,0.29151183
190,190,-0.001370182054729854,0.31136695
191,191,-0.0011542891200776574,0.2258504
192,192,-0.002391973261638285,0.113474876
193,193,-0.0011551746323994966,0.22434321
194,194,-0.0016934570292440403,0.0815089
195,195,-0.001981690255626042,0.06773859
196,196,-0.0017036549154499144,0.058765013
197,197,-0.0018128792422405443,0.17972991
198,198,-0.0007582745518130161,0.18381388
199,199,-0.0009286735092136088,0.3178124
200,200,-0.00082901413750215,-0.050501302
201,201,-0.0011868543771703449,0.0743782
202,202,-0.0017559939795809235,0.15050024
203,203,-0.0027483184277480597,0.048089087
204,204,-0.0009283265338474414,0.28848013
205,205,-0.001966315887463671,0.11098141
206,206,-0.0010062052398746313,0.11913837
207,207,-0.0021540808393599197,0.09808504
208,208,-0.0006873466375356027,0.2994157
209,209,-0.0013364096657146472,0.17879394
210,210,-0.0014114339060516503,0.09069349
211,211,-0.001501650710969584,0.18977736
212,212,-0.0021556676865278255,0.21368597
213,213,-0.0017683976000465987,0.052734703
214,214,-0.0010850174671169818,0.19559592
215,215,-0.001681913840979245,0.25828278
216,216,-0.0016428253053864712,0.13085502
217,217,-0.0014897845606072295,0.11906947
218,218,-0.0014234443686110285,0.060258683
219,219,-0.001856496806458044,0.12567264
220,220,-0.0018917871411250917,0.21707466
221,221,-0.0009725451939738571,0.21222825
222,222,-0.002388201753491213,0.057487033
223,223,-0.0014966195826896717,0.26499695
224,224,-0.001142323267982211,0.13922247
225,225,-0.0021602563328685497,0.1290684
226,226,-0.0010473746442669464,0.1969501
227,227,-0.0008476061231085118,0.28151757
228,228,1.621981346849671e-05,0.3955574
229,229,-0.0020137613171711008,0.093850896
230,230,-0.0007881220751105249,0.110046834
231,231,-0.0007592722482925225,0.15648277
232,232,-0.0016838348150258753,0.11692704
233,233,-0.0011474540368881124,0.1794128
234,234,-0.0019030167069998703,0.17933781
235,235,-0.0021392594612639946,0.26513693
236,236,-0.0014069734076605932,0.08806165
237,237,-0.0021734653568425224,0.060724843
238,238,-0.0013921631280095635,0.05366532
239,239,-0.0010445405269343595,0.11223045
240,240,-0.0027403889872922426,0.114141434
241,241,-0.0013909030405669766,0.22542576
242,242,-0.0018347148899406588,0.48033816
243,243,-0.002579702437873055,0.09689054
244,244,-0.0010198655233698108,0.1704313
245,245,-0.0019269245984304725,0.32665506
246,246,-0.0016764401275740986,0.44640958
247,247,-0.0011795433490928873,0.11695778
248,248,-0.0016877639258110148,0.22190137
249,249,-0.0010736081765548567,0.31005386
250,250,-0.0021476530699078783,0.3706887
251,251,-0.001002698331080391,0.24573998
252,252,-0.0009562782520523191,0.45192236
253,253,-0.0011569009815207,0.18309933
254,254,-0.0018435700966161104,0.5204718
255,255,-0.0013898926209060813,0.21555333
256,256,-0.0016025356753933313,0.13292705
257,257,-0.0028852828783859272,0.19901994
258,258,-0.0025746966228523517,0.119262904
259,259,-0.0018061062184500016,0.08773868
260,260,-0.0017306926865269699,0.04603193
261,261,-0.0007142395909532958,0.07317443
262,262,-0.002394966163277201,0.11451932
263,263,-0.0020225582900302973,0.28807342
264,264,-0.0010106107114335441,0.14339136
265,265,-0.0014665525879844982,0.11917422
266,266,-0.0008539174112511487,0.23974971
267,267,-0.0016718349867044153,0.33434063
268,268,-0.0017674343121511895,0.083567165
269,269,-0.001957094360294478,0.21279724
270,270,-0.0014143538523304262,0.1351633
271,271,-0.0011487680355562735,0.026691418
272,272,-0.0008409640703832709,0.0997854
273,273,-0.0014633325854742066,0.41236654
274,274,-0.0012953101810085047,0.13393986
275,275,-0.001373644035415585,0.17522074
276,276,-0.0015151723954455558,0.10002974
277,277,-0.0012060663868425081,0.070243455
278,278,-0.001117381374290742,0.19865835
279,279,-0.0009322091582320085,0.35891566
280,280,-0.0019209659078895853,0.109824315
281,281,-0.0013785251843132671,0.345006
282,282,-0.0014315415726496245,0.026862111
283,283,-0.0008056084377275114,0.24907893
284,284,-0.0016278063551606306,0.0873069
285,285,-0.0016050767009707398,0.3560345
286,286,-0.0003742231830685754,0.19167289
287,287,-0.0012004053071408365,0.1360203
288,288,-0.0009695972780218864,0.21351194
289,289,-0.0008705990491632873,0.050463054
290,290,-0.0012817137781327035,0.12979293
291,291,-0.0017592158962484758,0.17409344
292,292,-0.0013245581979777785,0.07382777
293,293,-0.0005821512405072292,0.20178382
294,294,-0.0012775154390666603,0.30535966
295,295,-0.0014746185072909228,0.42515337
296,296,-0.0015204121734179218,0.24856025
297,297,-0.001218688388976619,0.09761828
298,298,-0.0024911320191151015,0.14682251
299,299,-0.0007114641938220193,0.2729256
300,300,-0.00192909496101142,0.17555346
301,301,-0.0018608695220189442,0.17003658
302,302,-0.002439800813896732,0.08607062
303,303,-0.0014163152882705138,0.13296518
304,304,-0.0014635585780940505,0.26968202
305,305,-0.0017986144798137966,0.13901255
306,306,-0.0011408204903368094,0.28039882
307,307,-0.0012227254126631554,0.12971091
308,308,-0.0013527837614587905,0.06322542
309,309,-0.001492768873336348,0.11921356
310,310,-0.001398505245890436,0.13929406
311,311,-0.0017412889838763273,0.042489003
312,312,-0.0008814332718945598,0.13755153
313,313,-0.0024340117300091103,0.101601325
314,314,-0.0008875392709885556,0.279892
315,315,-0.001534548584839586,0.08529786
316,316,-0.001508062140086121,0.20769069
317,317,-0.0005180063785419764,0.07209496
318,318,-0.0011088520419577806,0.18720844
319,319,-0.0016439665709079329,0.21729097
320,320,-0.001613000576679408,0.22916892
321,321,-0.0010072212421755888,0.028757479
322,322,-0.0018322125360899439,0.17784685
323,323,-0.0014354387870472737,0.26705188
324,324,-0.0011268830835857312,0.21624501
325,325,-0.0018149064503316164,0.20706095
326,326,-0.0015432281498813886,0.19910456
327,327,-0.00109646398899554,0.085286975
328,328,-0.0017327261034299757,0.21623817
329,329,-0.0017410998999557242,0.16225521
330,330,-0.0009475448102038955,0.23225807
331,331,-0.0010815282531510273,0.18798266
332,332,-0.0004836579513788887,0.32126513
333,333,-0.0013067298119953765,0.047825
334,334,-0.0007398716326018525,0.20674253
335,335,-0.0013379916974806158,0.06992366
336,336,-0.001269904578940384,0.10789407
337,337,-0.0011069282313834956,0.3431159
338,338,-0.0011885725566931514,0.09898508
339,339,-0.0012763180577842882,0.24270645
340,340,-0.0009647432738126273,0.17219014
341,341,-0.002238392152397258,0.16464482
342,342,-0.0005268354642872189,0.33404306
343,343,-0.0018763010080859927,0.21671762
344,344,-0.001931365864396955,0.29035407
345,345,-0.0019330291146962542,0.08522022
346,346,-0.002847999875302565,0.124805726
347,347,-0.002243136844680175,0.12320364
348,348,-0.0020420662039450014,0.24207541
349,349,-0.0009088067642432372,0.27791277
350,350,-0.0018070736529714985,0.19565406
351,351,-0.001472766727876736,0.20563266
352,352,-0.00047241362377942805,0.4143123
353,353,-0.0010916971955633994,0.1340433
354,354,-0.0011378519668583552,0.16477269
355,355,-0.0007797868214224059,0.16843708
356,356,-0.0021630888066213132,0.041224044
357,357,-0.0006845892356761009,0.12171722
358,358,-0.00126252835367411,0.12383696
359,359,-0.0011103076351627944,0.09456508
360,360,-0.0002588189707605832,0.08761873
361,361,-0.0015531594565798227,0.06704852
362,362,-0.0015584143290812722,0.12774515
363,363,-0.002287370701253095,0.23712115
364,364,-0.0032972587654022073,0.2925555
365,365,-0.002195692583711793,0.16079994
366,366,-0.0012431919806935546,0.14660557
367,367,-0.0020116312257335445,0.102774
368,368,-0.00337723495131741,0.6063479
369,369,-0.0006309857762108482,0.18340907
370,370,-0.0016985645234488616,0.14092313
371,371,-0.003346451001181805,0.21326609
372,372,-0.001973540479155047,0.2312986
373,373,-0.0005914851253881656,0.19377087
374,374,-0.0018052735636081357,0.18299815
375,375,-0.0012651550967659217,0.022517445
376,376,-0.0009332181968167779,0.15747422
377,377,-0.0027219378835481064,0.23548743
378,378,-0.0019151724178525097,0.15539369
379,379,-0.0021964959188459764,0.23787831
380,380,-0.0010289358813635216,0.11353788
381,381,-0.0006820501614725369,0.15501237
382,382,-0.001358452562188164,0.013635105
383,383,-0.001025602887060501,0.13427326
