,unit,ave_weight,weight_cov
0,0,-0.0022863347978506633,0.3833577
1,1,-0.0023562704784846795,0.5438528
2,2,-0.002466087803792629,0.4769694
3,3,-0.0023048683563415663,0.5161185
4,4,-0.0024683528643812997,0.45504746
5,5,-0.003522654518633317,0.56049025
6,6,-0.003201920147483427,0.47265014
7,7,-0.003040135897605117,0.48286164
8,8,-0.0033645852276392597,0.4108161
9,9,-0.00320006430306642,0.5527651
10,10,-0.0023564052972588983,0.38517153
11,11,-0.0020924121360456935,0.51418114
12,12,-0.0021184845732328222,0.3929008
13,13,-0.0024277505671564,0.417763
14,14,-0.002607491284467019,0.45024827
15,15,-0.0025676740263173136,0.5087082
16,16,-0.0032144551212143543,0.41956633
17,17,-0.0025466197667985517,0.5343264
18,18,-0.0033067672414209374,0.46508804
19,19,-0.0018441495747551968,0.40596664
20,20,-0.0028352419275742484,0.48461068
21,21,-0.0020992019176162557,0.4130986
22,22,-0.0028590590249651074,0.43430853
23,23,-0.0008387724537645177,0.4906954
24,24,-0.0029631560579711953,0.4664742
25,25,-0.0026299980033933756,0.4458815
26,26,-0.00251002861497506,0.44118643
27,27,-0.0025673104551092113,0.5186568
28,28,-0.0027379297626892564,0.42355594
29,29,-0.0018842482540003824,0.50574416
30,30,-0.002054634674247174,0.49904764
31,31,-0.002337546808093891,0.38078946
32,32,-0.0031454961889225944,0.54154104
33,33,-0.002605207779662843,0.35967457
34,34,-0.0031848095035924315,0.4366944
35,35,-0.002468219931979884,0.42147323
36,36,-0.002599504440088072,0.4979636
37,37,-0.00237052382513058,0.5064891
38,38,-0.0029306558277402963,0.39315185
39,39,-0.0028219474207468215,0.568394
40,40,-0.0019489066989502365,0.28133205
41,41,-0.003311813116571077,0.4510888
42,42,-0.002000030044721749,0.5171118
43,43,-0.0025405014789264945,0.4114197
44,44,-0.0027545117236808503,0.466164
45,45,-0.002596957836633738,0.4648139
46,46,-0.0031793259555054527,0.48557672
47,47,-0.0018066542656661703,0.4436783
48,48,-0.003033768060495424,0.4714105
49,49,-0.002716262639653851,0.4671556
50,50,-0.0031121061807431894,0.30551377
51,51,-0.0028054680101695447,0.4021404
52,52,-0.002616629362679101,0.39477187
53,53,-0.0025709809851332675,0.5472225
54,54,-0.002109691751564292,0.44715026
55,55,-0.0033108323706298602,0.489631
56,56,-0.002897651124682033,0.47683975
57,57,-0.002719601858076346,0.44766086
58,58,-0.0024111279110978026,0.4584939
59,59,-0.002818105068686068,0.55196244
60,60,-0.0022709768160727554,0.53991985
61,61,-0.0030124952935405825,0.41947126
62,62,-0.002413736722803395,0.38471252
63,63,-0.0025953405428032917,0.36430374
64,64,-0.002251255838437508,0.29997262
65,65,-0.0021627981657843026,0.46423942
66,66,-0.0024918045221682477,0.5091741
67,67,-0.0014055178373831815,0.46551588
68,68,-0.0026966310419293516,0.55391115
69,69,-0.0025603855117512404,0.35235634
70,70,-0.002851971969108107,0.3173892
71,71,-0.0020381054538156146,0.5089402
72,72,-0.002194154593713325,0.50225407
73,73,-0.002552682653664291,0.44986218
74,74,-0.002970321934359927,0.4623064
75,75,-0.0026692878187145074,0.52415395
76,76,-0.0022411682025309603,0.44394147
77,77,-0.003620125760308568,0.42526144
78,78,-0.003253167141932804,0.49215072
79,79,-0.0025177365241536042,0.47634488
80,80,-0.0027361730091328695,0.5365271
81,81,-0.0020309765971252025,0.48438856
82,82,-0.002069035092784201,0.39479095
83,83,-0.002361521811095633,0.565101
84,84,-0.0028203419262603623,0.48174548
85,85,-0.0037591982870676726,0.45556146
86,86,-0.0025110514086348675,0.4557869
87,87,-0.002179231471950147,0.39092615
88,88,-0.0026546481372857096,0.30885944
89,89,-0.002964589171900419,0.5191933
90,90,-0.0019002534977385335,0.49438548
91,91,-0.0018103341290864388,0.50009036
92,92,-0.0022954485403516856,0.37738082
93,93,-0.0025076590653556937,0.49425358
94,94,-0.0021053571323790266,0.37796953
95,95,-0.0031069933996434955,0.44590846
96,96,-0.002656455998802627,0.49160638
97,97,-0.0023322332339008683,0.51829296
98,98,-0.0023152393283296575,0.42694435
99,99,-0.0021380186746940114,0.35852212
100,100,-0.002632750088910943,0.55253875
101,101,-0.002531773809126458,0.31930676
102,102,-0.002706599107722846,0.4940316
103,103,-0.0019028369407231417,0.4116463
104,104,-0.0023212339054297175,0.43152606
105,105,-0.0028831908468175036,0.4134595
106,106,-0.003304177519440438,0.51413256
107,107,-0.002744634832648398,0.4759893
108,108,-0.0027165736145112382,0.4482818
109,109,-0.002816032462572469,0.5143279
110,110,-0.002084289860494265,0.40486488
111,111,-0.0025880112262844555,0.23869292
112,112,-0.0025239191293740795,0.44746783
113,113,-0.0025438429558680246,0.46243575
114,114,-0.0023580455522131125,0.43048558
115,115,-0.002678924146856332,0.42950994
116,116,-0.002693090461900422,0.5062248
117,117,-0.001865016577072938,0.29978076
118,118,-0.0024887489152463247,0.3828489
119,119,-0.002319203343589038,0.49158472
120,120,-0.0021011559213040647,0.43601024
121,121,-0.0029950991697712988,0.40507954
122,122,-0.002616704152336103,0.54476976
123,123,-0.0023249293870519607,0.3433978
124,124,-0.002600710582173408,0.41624236
125,125,-0.0026986414822366207,0.49139935
126,126,-0.002678969253415544,0.4244721
127,127,-0.0032725701744101133,0.35034305
128,128,-0.0029048893763946714,0.44373828
129,129,-0.002122596191230399,0.47424486
130,130,-0.00257261119510851,0.45481837
131,131,-0.002880966733983912,0.43378282
132,132,-0.0026960399225791428,0.35282093
133,133,-0.0029544628263718613,0.45266438
134,134,-0.0034446569455560644,0.45448738
135,135,-0.002481978884588898,0.55334455
136,136,-0.0025215773416296847,0.38614434
137,137,-0.0016971744193115144,0.4988887
138,138,-0.0034327360170005347,0.37487534
139,139,-0.0027260353721206133,0.5089564
140,140,-0.0032672721475919347,0.41512588
141,141,-0.003015406635010246,0.4389376
142,142,-0.0033930645588763804,0.3363888
143,143,-0.0025652288022494454,0.50861526
144,144,-0.0028697821355688153,0.40605554
145,145,-0.0026459427860353805,0.3107204
146,146,-0.003141603889642081,0.36987618
147,147,-0.002169138464804771,0.35523415
148,148,-0.0025679086865221944,0.5444333
149,149,-0.0025752547432464335,0.35292006
150,150,-0.0023376032454902112,0.52592313
151,151,-0.0027358958354008044,0.33675328
152,152,-0.003066363667930137,0.44016328
153,153,-0.002204152275677668,0.5095388
154,154,-0.0025712268862283423,0.48313618
155,155,-0.0034932461366096058,0.3434133
156,156,-0.0028995634377529905,0.47403464
157,157,-0.0025226562744859603,0.5389263
158,158,-0.0033354298111895014,0.21649082
159,159,-0.0021713451843926057,0.55741155
160,160,-0.002919988479294278,0.5420732
161,161,-0.003241809800630388,0.39951974
162,162,-0.00286077769153634,0.40738395
163,163,-0.0022382288410085494,0.61217713
164,164,-0.0015306619247515603,0.464779
165,165,-0.003011426129778219,0.3549427
166,166,-0.0023948727569244577,0.4830473
167,167,-0.0035327247394571224,0.43728378
168,168,-0.003114506273168108,0.30658934
169,169,-0.0025258103114582982,0.51712406
170,170,-0.0031114146391178427,0.40442014
171,171,-0.003675329511006024,0.48395422
172,172,-0.0029126209195295713,0.39620474
173,173,-0.0027450539365555977,0.45719716
174,174,-0.0032532268337722263,0.46149942
175,175,-0.002442740523984336,0.29836988
176,176,-0.0027924202367412615,0.56986004
177,177,-0.00241532960223649,0.3882943
178,178,-0.002502388226031582,0.53385735
179,179,-0.002645871268669261,0.2743297
180,180,-0.003941997268765047,0.2551419
181,181,-0.003218878264881916,0.5134594
182,182,-0.003383998522390299,0.40201175
183,183,-0.0024649529429754896,0.55916023
184,184,-0.003988841569178842,0.47194627
185,185,-0.0028296939372349124,0.5155971
186,186,-0.002618231324723402,0.39417225
187,187,-0.002650436037415434,0.55444074
188,188,-0.0026341543021136137,0.44014925
189,189,-0.002677633417888543,0.5426685
190,190,-0.0027307076737699276,0.32232758
191,191,-0.0028350929777721597,0.31510743
192,192,-0.0027088136857192544,0.44209975
193,193,-0.0025105096541416833,0.58316034
194,194,-0.0035610051486674754,0.40556166
195,195,-0.0022444775856415885,0.41741988
196,196,-0.002595882563429402,0.5493973
197,197,-0.00325023579932465,0.4823257
198,198,-0.0028823701630716204,0.42774755
199,199,-0.0027047690636725383,0.4507222
200,200,-0.003869147775580578,0.28760114
201,201,-0.002898505723505609,0.5019544
202,202,-0.0034775130524967272,0.47794324
203,203,-0.0028118328061063273,0.5152054
204,204,-0.0026282580076100346,0.4560882
205,205,-0.002909949959552528,0.4903454
206,206,-0.0032056153691205173,0.44046202
207,207,-0.0020838405708679553,0.33350667
208,208,-0.002689661079518533,0.3789378
209,209,-0.0027528950879482433,0.4022355
210,210,-0.0028955182101905543,0.30181843
211,211,-0.0028077025112859624,0.5016838
212,212,-0.003071032762909822,0.3715944
213,213,-0.0027336852431079496,0.4228123
214,214,-0.002489691299647095,0.24963737
215,215,-0.003468933327825299,0.32717204
216,216,-0.0026172315467573736,0.29821846
217,217,-0.0030746320084336664,0.41101038
218,218,-0.0031725707831671774,0.36381024
219,219,-0.0021441298803094597,0.46076497
220,220,-0.002870426960469714,0.479612
221,221,-0.0023145006880215626,0.3694039
222,222,-0.002817523439966494,0.51954514
223,223,-0.002559830389634604,0.4408299
224,224,-0.0031087511477297072,0.38202962
225,225,-0.0026907429380329446,0.4768995
226,226,-0.0035321237180884818,0.45032734
227,227,-0.0029132245526747517,0.39944306
228,228,-0.0027817116123808696,0.51453286
229,229,-0.0022099353830071777,0.4407833
230,230,-0.0030437708607775203,0.48334143
231,231,-0.003117849034158258,0.38927805
232,232,-0.0031927643940801906,0.29517862
233,233,-0.001861751228394476,0.48891962
234,234,-0.0030631235536915298,0.36707932
235,235,-0.0029450185850058226,0.42463866
236,236,-0.002565716429556999,0.5270225
237,237,-0.0025098408855714163,0.4273828
238,238,-0.0026488611343443345,0.44441536
239,239,-0.0022584311699884235,0.48856118
240,240,-0.0031146286775899164,0.507842
241,241,-0.003149700003368244,0.46623552
242,242,-0.003305815945572127,0.2830549
243,243,-0.0028701831540429465,0.37245572
244,244,-0.002397063771813582,0.48430488
245,245,-0.003266018542647047,0.39760703
246,246,-0.003263286245525718,0.39110023
247,247,-0.0020730735777571376,0.4816562
248,248,-0.0023230056815479985,0.37444478
249,249,-0.002615913582073351,0.41071102
250,250,-0.0040772323073109944,0.38305888
251,251,-0.002843319489466433,0.46462792
252,252,-0.003322020869664702,0.35512912
253,253,-0.003021305315811602,0.44947317
254,254,-0.0026412590292076636,0.34083447
255,255,-0.002914006727159538,0.4101397
